[Presets]
Preset0=Punk Heaven

[Punk Heaven]
Preamp=0
Band0=-11.039999961853027
Band1=-1.9199999570846558
Band2=3.8399999141693115
Band3=8.6399993896484375
Band4=2.4000000953674316
Band5=5.2800002098083496
Band6=2.4000000953674316
Band7=4.8000001907348633
Band8=0
Band9=-1.9199999570846558
